<MetaData>
version:3.0
panel : google-fleb
date: 2024/11/22
refresh_rate_base: 60
refresh_rate_target: 120

<VoltageLut>

0000,6.5
0001,6.49861
0002,6.49722
0003,6.49583
0004,6.49443
0005,6.49304
0006,6.49165
0007,6.49026
0008,6.48887
0009,6.48748
000A,6.48608
000B,6.48469
000C,6.48330
000D,6.48191
000E,6.48052
000F,6.47913
0010,6.47773
0011,6.47634
0012,6.47495
0013,6.47356
0014,6.47217
0015,6.47078
0016,6.46938
0017,6.46799
0018,6.46660
0019,6.46521
001A,6.46382
001B,6.46243
001C,6.46104
001D,6.45964
001E,6.45825
001F,6.45686
0020,6.45547
0021,6.45408
0022,6.45269
0023,6.45129
0024,6.44990
0025,6.44851
0026,6.44712
0027,6.44573
0028,6.44434
0029,6.44294
002A,6.44155
002B,6.44016
002C,6.43877
002D,6.43738
002E,6.43599
002F,6.43459
0030,6.43320
0031,6.43181
0032,6.43042
0033,6.42903
0034,6.42764
0035,6.42625
0036,6.42485
0037,6.42346
0038,6.42207
0039,6.42068
003A,6.41929
003B,6.41790
003C,6.41650
003D,6.41511
003E,6.41372
003F,6.41233
0040,6.41094
0041,6.40955
0042,6.40815
0043,6.40676
0044,6.40537
0045,6.40398
0046,6.40259
0047,6.40120
0048,6.39980
0049,6.39841
004A,6.39702
004B,6.39563
004C,6.39424
004D,6.39285
004E,6.39146
004F,6.39006
0050,6.38867
0051,6.38728
0052,6.38589
0053,6.38450
0054,6.38311
0055,6.38171
0056,6.38032
0057,6.379
0058,6.37754
0059,6.376
005A,6.37476
005B,6.373
005C,6.37197
005D,6.37058
005E,6.36919
005F,6.36780
0060,6.36641
0061,6.36501
0062,6.36362
0063,6.36223
0064,6.36084
0065,6.35945
0066,6.35806
0067,6.35667
0068,6.35527
0069,6.35388
006A,6.35249
006B,6.35110
006C,6.34971
006D,6.34832
006E,6.34692
006F,6.34553
0070,6.34414
0071,6.34275
0072,6.34136
0073,6.33997
0074,6.33857
0075,6.33718
0076,6.33579
0077,6.33440
0078,6.33301
0079,6.33162
007A,6.33022
007B,6.32883
007C,6.32744
007D,6.32605
007E,6.32466
007F,6.32327
0080,6.32188
0081,6.32048
0082,6.31909
0083,6.31770
0084,6.31631
0085,6.31492
0086,6.31353
0087,6.31213
0088,6.31074
0089,6.30935
008A,6.30796
008B,6.30657
008C,6.30518
008D,6.30378
008E,6.30239
008F,6.30100
0090,6.29961
0091,6.29822
0092,6.29683
0093,6.29543
0094,6.29404
0095,6.29265
0096,6.29126
0097,6.28987
0098,6.28848
0099,6.28708
009A,6.28569
009B,6.28430
009C,6.28291
009D,6.28152
009E,6.28013
009F,6.27874
00A0,6.27734
00A1,6.27595
00A2,6.27456
00A3,6.27317
00A4,6.27178
00A5,6.27039
00A6,6.26899
00A7,6.26760
00A8,6.26621
00A9,6.26482
00AA,6.26343
00AB,6.26204
00AC,6.26064
00AD,6.25925
00AE,6.25786
00AF,6.25647
00B0,6.25508
00B1,6.25369
00B2,6.25229
00B3,6.25090
00B4,6.24951
00B5,6.24812
00B6,6.24673
00B7,6.24534
00B8,6.24395
00B9,6.24255
00BA,6.24116
00BB,6.23977
00BC,6.23838
00BD,6.23699
00BE,6.23560
00BF,6.23420
00C0,6.23281
00C1,6.23142
00C2,6.23003
00C3,6.22864
00C4,6.22725
00C5,6.22585
00C6,6.22446
00C7,6.22307
00C8,6.22168
00C9,6.22029
00CA,6.21890
00CB,6.21750
00CC,6.21611
00CD,6.21472
00CE,6.21333
00CF,6.21194
00D0,6.21055
00D1,6.20916
00D2,6.20776
00D3,6.20637
00D4,6.20498
00D5,6.20359
00D6,6.20220
00D7,6.20081
00D8,6.19941
00D9,6.19802
00DA,6.19663
00DB,6.19524
00DC,6.19385
00DD,6.19246
00DE,6.19106
00DF,6.18967
00E0,6.18828
00E1,6.18689
00E2,6.18550
00E3,6.18411
00E4,6.18271
00E5,6.18132
00E6,6.17993
00E7,6.17854
00E8,6.17715
00E9,6.17576
00EA,6.17437
00EB,6.17297
00EC,6.17158
00ED,6.17019
00EE,6.16880
00EF,6.16741
00F0,6.16602
00F1,6.16462
00F2,6.16323
00F3,6.16184
00F4,6.16045
00F5,6.15906
00F6,6.15767
00F7,6.15627
00F8,6.15488
00F9,6.15349
00FA,6.15210
00FB,6.15071
00FC,6.14932
00FD,6.14792
00FE,6.14653
00FF,6.14514
0100,6.14375
0101,6.14236
0102,6.14097
0103,6.13958
0104,6.13818
0105,6.13679
0106,6.13540
0107,6.13401
0108,6.13262
0109,6.13123
010A,6.12983
010B,6.12844
010C,6.12705
010D,6.12566
010E,6.12427
010F,6.12288
0110,6.12148
0111,6.12009
0112,6.11870
0113,6.11731
0114,6.11592
0115,6.11453
0116,6.11313
0117,6.11174
0118,6.11035
0119,6.10896
011A,6.10757
011B,6.10618
011C,6.10479
011D,6.10339
011E,6.10200
011F,6.10061
0120,6.09922
0121,6.09783
0122,6.09644
0123,6.09504
0124,6.09365
0125,6.09226
0126,6.09087
0127,6.08948
0128,6.08809
0129,6.08669
012A,6.08530
012B,6.08391
012C,6.08252
012D,6.08113
012E,6.07974
012F,6.07834
0130,6.07695
0131,6.07556
0132,6.07417
0133,6.07278
0134,6.07139
0135,6.07000
0136,6.06860
0137,6.06721
0138,6.06582
0139,6.06443
013A,6.06304
013B,6.06165
013C,6.06025
013D,6.05886
013E,6.05747
013F,6.05608
0140,6.05469
0141,6.05330
0142,6.05190
0143,6.05051
0144,6.04912
0145,6.04773
0146,6.04634
0147,6.04495
0148,6.04355
0149,6.04216
014A,6.04077
014B,6.03938
014C,6.03799
014D,6.03660
014E,6.03521
014F,6.03381
0150,6.03242
0151,6.03103
0152,6.02964
0153,6.02825
0154,6.02686
0155,6.02546
0156,6.02407
0157,6.02268
0158,6.02129
0159,6.01990
015A,6.01851
015B,6.01711
015C,6.01572
015D,6.01433
015E,6.01294
015F,6.01155
0160,6.01016
0161,6.00876
0162,6.00737
0163,6.00598
0164,6.00459
0165,6.00320
0166,6.00181
0167,6.00042
0168,5.99902
0169,5.99763
016A,5.99624
016B,5.99485
016C,5.99346
016D,5.99207
016E,5.99067
016F,5.98928
0170,5.98789
0171,5.98650
0172,5.98511
0173,5.98372
0174,5.98232
0175,5.98093
0176,5.97954
0177,5.97815
0178,5.97676
0179,5.97537
017A,5.97397
017B,5.97258
017C,5.97119
017D,5.96980
017E,5.96841
017F,5.96702
0180,5.96563
0181,5.96423
0182,5.96284
0183,5.96145
0184,5.96006
0185,5.95867
0186,5.95728
0187,5.95588
0188,5.95449
0189,5.95310
018A,5.95171
018B,5.95032
018C,5.94893
018D,5.94753
018E,5.94614
018F,5.94475
0190,5.94336
0191,5.94197
0192,5.94058
0193,5.93918
0194,5.93779
0195,5.93640
0196,5.93501
0197,5.93362
0198,5.93223
0199,5.93083
019A,5.92944
019B,5.92805
019C,5.92666
019D,5.92527
019E,5.92388
019F,5.92249
01A0,5.92109
01A1,5.91970
01A2,5.91831
01A3,5.91692
01A4,5.91553
01A5,5.91414
01A6,5.91274
01A7,5.91135
01A8,5.90996
01A9,5.90857
01AA,5.90718
01AB,5.90579
01AC,5.90439
01AD,5.90300
01AE,5.90161
01AF,5.90022
01B0,5.89883
01B1,5.89744
01B2,5.89604
01B3,5.89465
01B4,5.89326
01B5,5.89187
01B6,5.89048
01B7,5.88909
01B8,5.88770
01B9,5.88630
01BA,5.88491
01BB,5.88352
01BC,5.88213
01BD,5.88074
01BE,5.87935
01BF,5.87795
01C0,5.87656
01C1,5.87517
01C2,5.87378
01C3,5.87239
01C4,5.87100
01C5,5.86960
01C6,5.86821
01C7,5.86682
01C8,5.86543
01C9,5.86404
01CA,5.86265
01CB,5.86125
01CC,5.85986
01CD,5.85847
01CE,5.85708
01CF,5.85569
01D0,5.85430
01D1,5.85291
01D2,5.85151
01D3,5.85012
01D4,5.84873
01D5,5.84734
01D6,5.84595
01D7,5.84456
01D8,5.84316
01D9,5.84177
01DA,5.84038
01DB,5.83899
01DC,5.83760
01DD,5.83621
01DE,5.83481
01DF,5.83342
01E0,5.83203
01E1,5.83064
01E2,5.82925
01E3,5.82786
01E4,5.82646
01E5,5.82507
01E6,5.82368
01E7,5.82229
01E8,5.82090
01E9,5.81951
01EA,5.81812
01EB,5.81672
01EC,5.81533
01ED,5.81394
01EE,5.81255
01EF,5.81116
01F0,5.80977
01F1,5.80837
01F2,5.80698
01F3,5.80559
01F4,5.80420
01F5,5.80281
01F6,5.80142
01F7,5.80002
01F8,5.79863
01F9,5.79724
01FA,5.79585
01FB,5.79446
01FC,5.79307
01FD,5.79167
01FE,5.79028
01FF,5.78889
0200,5.78750
0201,5.78611
0202,5.78472
0203,5.78333
0204,5.78193
0205,5.78054
0206,5.77915
0207,5.77776
0208,5.77637
0209,5.77498
020A,5.77358
020B,5.77219
020C,5.77080
020D,5.76941
020E,5.76802
020F,5.76663
0210,5.76523
0211,5.76384
0212,5.76245
0213,5.76106
0214,5.75967
0215,5.75828
0216,5.75688
0217,5.75549
0218,5.75410
0219,5.75271
021A,5.75132
021B,5.74993
021C,5.74854
021D,5.74714
021E,5.74575
021F,5.74436
0220,5.74297
0221,5.74158
0222,5.74019
0223,5.73879
0224,5.73740
0225,5.73601
0226,5.73462
0227,5.73323
0228,5.73184
0229,5.73044
022A,5.72905
022B,5.72766
022C,5.72627
022D,5.72488
022E,5.72349
022F,5.72209
0230,5.72070
0231,5.71931
0232,5.71792
0233,5.71653
0234,5.71514
0235,5.71375
0236,5.71235
0237,5.71096
0238,5.70957
0239,5.70818
023A,5.70679
023B,5.70540
023C,5.70400
023D,5.70261
023E,5.70122
023F,5.69983
0240,5.69844
0241,5.69705
0242,5.69565
0243,5.69426
0244,5.69287
0245,5.69148
0246,5.69009
0247,5.68870
0248,5.68730
0249,5.68591
024A,5.68452
024B,5.68313
024C,5.68174
024D,5.68035
024E,5.67896
024F,5.67756
0250,5.67617
0251,5.67478
0252,5.67339
0253,5.67200
0254,5.67061
0255,5.66921
0256,5.66782
0257,5.66643
0258,5.66504
0259,5.66365
025A,5.66226
025B,5.66086
025C,5.65947
025D,5.65808
025E,5.65669
025F,5.65530
0260,5.65391
0261,5.65251
0262,5.65112
0263,5.64973
0264,5.64834
0265,5.64695
0266,5.64556
0267,5.64417
0268,5.64277
0269,5.64138
026A,5.63999
026B,5.63860
026C,5.63721
026D,5.63582
026E,5.63442
026F,5.63303
0270,5.63164
0271,5.63025
0272,5.62886
0273,5.62747
0274,5.62607
0275,5.62468
0276,5.62329
0277,5.62190
0278,5.62051
0279,5.61912
027A,5.61772
027B,5.61633
027C,5.61494
027D,5.61355
027E,5.61216
027F,5.61077
0280,5.60938
0281,5.60798
0282,5.60659
0283,5.60520
0284,5.60381
0285,5.60242
0286,5.60103
0287,5.59963
0288,5.59824
0289,5.59685
028A,5.59546
028B,5.59407
028C,5.59268
028D,5.59128
028E,5.58989
028F,5.58850
0290,5.58711
0291,5.58572
0292,5.58433
0293,5.58293
0294,5.58154
0295,5.58015
0296,5.57876
0297,5.57737
0298,5.57598
0299,5.57458
029A,5.57319
029B,5.57180
029C,5.57041
029D,5.56902
029E,5.56763
029F,5.56624
02A0,5.56484
02A1,5.56345
02A2,5.56206
02A3,5.56067
02A4,5.55928
02A5,5.55789
02A6,5.55649
02A7,5.55510
02A8,5.55371
02A9,5.55232
02AA,5.55093
02AB,5.54954
02AC,5.54814
02AD,5.54675
02AE,5.54536
02AF,5.54397
02B0,5.54258
02B1,5.54119
02B2,5.53979
02B3,5.53840
02B4,5.53701
02B5,5.53562
02B6,5.53423
02B7,5.53284
02B8,5.53145
02B9,5.53005
02BA,5.52866
02BB,5.52727
02BC,5.52588
02BD,5.52449
02BE,5.52310
02BF,5.52170
02C0,5.52031
02C1,5.51892
02C2,5.51753
02C3,5.51614
02C4,5.51475
02C5,5.51335
02C6,5.51196
02C7,5.51057
02C8,5.50918
02C9,5.50779
02CA,5.50640
02CB,5.50500
02CC,5.50361
02CD,5.50222
02CE,5.50083
02CF,5.49944
02D0,5.49805
02D1,5.49666
02D2,5.49526
02D3,5.49387
02D4,5.49248
02D5,5.49109
02D6,5.48970
02D7,5.48831
02D8,5.48691
02D9,5.48552
02DA,5.48413
02DB,5.48274
02DC,5.48135
02DD,5.47996
02DE,5.47856
02DF,5.47717
02E0,5.47578
02E1,5.47439
02E2,5.47300
02E3,5.47161
02E4,5.47021
02E5,5.46882
02E6,5.46743
02E7,5.46604
02E8,5.46465
02E9,5.46326
02EA,5.46187
02EB,5.46047
02EC,5.45908
02ED,5.45769
02EE,5.45630
02EF,5.45491
02F0,5.45352
02F1,5.45212
02F2,5.45073
02F3,5.44934
02F4,5.44795
02F5,5.44656
02F6,5.44517
02F7,5.44377
02F8,5.44238
02F9,5.44099
02FA,5.43960
02FB,5.43821
02FC,5.43682
02FD,5.43542
02FE,5.43403
02FF,5.43264
0300,5.43125
0301,5.42986
0302,5.42847
0303,5.42708
0304,5.42568
0305,5.42429
0306,5.42290
0307,5.42151
0308,5.42012
0309,5.41873
030A,5.41733
030B,5.41594
030C,5.41455
030D,5.41316
030E,5.41177
030F,5.41038
0310,5.40898
0311,5.40759
0312,5.40620
0313,5.40481
0314,5.40342
0315,5.40203
0316,5.40063
0317,5.39924
0318,5.39785
0319,5.39646
031A,5.39507
031B,5.39368
031C,5.39229
031D,5.39089
031E,5.38950
031F,5.38811
0320,5.38672
0321,5.38533
0322,5.38394
0323,5.38254
0324,5.38115
0325,5.37976
0326,5.37837
0327,5.37698
0328,5.37559
0329,5.37419
032A,5.37280
032B,5.37141
032C,5.37002
032D,5.36863
032E,5.36724
032F,5.36584
0330,5.36445
0331,5.36306
0332,5.36167
0333,5.36028
0334,5.35889
0335,5.35750
0336,5.35610
0337,5.35471
0338,5.35332
0339,5.35193
033A,5.35054
033B,5.34915
033C,5.34775
033D,5.34636
033E,5.34497
033F,5.34358
0340,5.34219
0341,5.34080
0342,5.33940
0343,5.33801
0344,5.33662
0345,5.33523
0346,5.33384
0347,5.33245
0348,5.33105
0349,5.32966
034A,5.32827
034B,5.32688
034C,5.32549
034D,5.32410
034E,5.32271
034F,5.32131
0350,5.31992
0351,5.31853
0352,5.31714
0353,5.31575
0354,5.31436
0355,5.31296
0356,5.31157
0357,5.31018
0358,5.30879
0359,5.30740
035A,5.30601
035B,5.30461
035C,5.30322
035D,5.30183
035E,5.30044
035F,5.29905
0360,5.29766
0361,5.29626
0362,5.29487
0363,5.29348
0364,5.29209
0365,5.29070
0366,5.28931
0367,5.28792
0368,5.28652
0369,5.28513
036A,5.28374
036B,5.28235
036C,5.28096
036D,5.27957
036E,5.27817
036F,5.27678
0370,5.27539
0371,5.27400
0372,5.27261
0373,5.27122
0374,5.26982
0375,5.26843
0376,5.26704
0377,5.26565
0378,5.26426
0379,5.26287
037A,5.26147
037B,5.26008
037C,5.25869
037D,5.25730
037E,5.25591
037F,5.25452
0380,5.25313
0381,5.25173
0382,5.25034
0383,5.24895
0384,5.24756
0385,5.24617
0386,5.24478
0387,5.24338
0388,5.24199
0389,5.24060
038A,5.23921
038B,5.23782
038C,5.23643
038D,5.23503
038E,5.23364
038F,5.23225
0390,5.23086
0391,5.22947
0392,5.22808
0393,5.22668
0394,5.22529
0395,5.22390
0396,5.22251
0397,5.22112
0398,5.21973
0399,5.21833
039A,5.21694
039B,5.21555
039C,5.21416
039D,5.21277
039E,5.21138
039F,5.20999
03A0,5.20859
03A1,5.20720
03A2,5.20581
03A3,5.20442
03A4,5.20303
03A5,5.20164
03A6,5.20024
03A7,5.19885
03A8,5.19746
03A9,5.19607
03AA,5.19468
03AB,5.19329
03AC,5.19189
03AD,5.19050
03AE,5.18911
03AF,5.18772
03B0,5.18633
03B1,5.18494
03B2,5.18354
03B3,5.18215
03B4,5.18076
03B5,5.17937
03B6,5.17798
03B7,5.17659
03B8,5.17520
03B9,5.17380
03BA,5.17241
03BB,5.17102
03BC,5.16963
03BD,5.16824
03BE,5.16685
03BF,5.16545
03C0,5.16406
03C1,5.16267
03C2,5.16128
03C3,5.15989
03C4,5.15850
03C5,5.15710
03C6,5.15571
03C7,5.15432
03C8,5.15293
03C9,5.15154
03CA,5.15015
03CB,5.14875
03CC,5.14736
03CD,5.14597
03CE,5.14458
03CF,5.14319
03D0,5.14180
03D1,5.14041
03D2,5.13901
03D3,5.13762
03D4,5.13623
03D5,5.13484
03D6,5.13345
03D7,5.13206
03D8,5.13066
03D9,5.12927
03DA,5.12788
03DB,5.12649
03DC,5.12510
03DD,5.12371
03DE,5.12231
03DF,5.12092
03E0,5.11953
03E1,5.11814
03E2,5.11675
03E3,5.11536
03E4,5.11396
03E5,5.11257
03E6,5.11118
03E7,5.10979
03E8,5.10840
03E9,5.10701
03EA,5.10562
03EB,5.10422
03EC,5.10283
03ED,5.10144
03EE,5.10005
03EF,5.09866
03F0,5.09727
03F1,5.09587
03F2,5.09448
03F3,5.09309
03F4,5.09170
03F5,5.09031
03F6,5.08892
03F7,5.08752
03F8,5.08613
03F9,5.08474
03FA,5.08335
03FB,5.08196
03FC,5.08057
03FD,5.07917
03FE,5.07778
03FF,5.07639
0400,5.07500
0401,5.07361
0402,5.07222
0403,5.07083
0404,5.06943
0405,5.06804
0406,5.06665
0407,5.06526
0408,5.06387
0409,5.06248
040A,5.06108
040B,5.05969
040C,5.05830
040D,5.05691
040E,5.05552
040F,5.05413
0410,5.05273
0411,5.05134
0412,5.04995
0413,5.04856
0414,5.04717
0415,5.04578
0416,5.04438
0417,5.04299
0418,5.04160
0419,5.04021
041A,5.03882
041B,5.03743
041C,5.03604
041D,5.03464
041E,5.03325
041F,5.03186
0420,5.03047
0421,5.02908
0422,5.02769
0423,5.02629
0424,5.02490
0425,5.02351
0426,5.02212
0427,5.02073
0428,5.01934
0429,5.01794
042A,5.01655
042B,5.01516
042C,5.01377
042D,5.01238
042E,5.01099
042F,5.00959
0430,5.00820
0431,5.00681
0432,5.00542
0433,5.00403
0434,5.00264
0435,5.00125
0436,4.99985
0437,4.99846
0438,4.99707
0439,4.99568
043A,4.99429
043B,4.99290
043C,4.99150
043D,4.99011
043E,4.98872
043F,4.98733
0440,4.98594
0441,4.98455
0442,4.98315
0443,4.98176
0444,4.98037
0445,4.97898
0446,4.97759
0447,4.97620
0448,4.97480
0449,4.97341
044A,4.97202
044B,4.97063
044C,4.96924
044D,4.96785
044E,4.96646
044F,4.96506
0450,4.96367
0451,4.96228
0452,4.96089
0453,4.95950
0454,4.95811
0455,4.95671
0456,4.95532
0457,4.95393
0458,4.95254
0459,4.95115
045A,4.94976
045B,4.94836
045C,4.94697
045D,4.94558
045E,4.94419
045F,4.94280
0460,4.94141
0461,4.94001
0462,4.93862
0463,4.93723
0464,4.93584
0465,4.93445
0466,4.93306
0467,4.93167
0468,4.93027
0469,4.92888
046A,4.92749
046B,4.92610
046C,4.92471
046D,4.92332
046E,4.92192
046F,4.92053
0470,4.91914
0471,4.91775
0472,4.91636
0473,4.91497
0474,4.91357
0475,4.91218
0476,4.91079
0477,4.90940
0478,4.90801
0479,4.90662
047A,4.90522
047B,4.90383
047C,4.90244
047D,4.90105
047E,4.89966
047F,4.89827
0480,4.89688
0481,4.89548
0482,4.89409
0483,4.89270
0484,4.89131
0485,4.88992
0486,4.88853
0487,4.88713
0488,4.88574
0489,4.88435
048A,4.88296
048B,4.88157
048C,4.88018
048D,4.87878
048E,4.87739
048F,4.87600
0490,4.87461
0491,4.87322
0492,4.87183
0493,4.87043
0494,4.86904
0495,4.86765
0496,4.86626
0497,4.86487
0498,4.86348
0499,4.86208
049A,4.86069
049B,4.85930
049C,4.85791
049D,4.85652
049E,4.85513
049F,4.85374
04A0,4.85234
04A1,4.85095
04A2,4.84956
04A3,4.84817
04A4,4.84678
04A5,4.84539
04A6,4.84399
04A7,4.84260
04A8,4.84121
04A9,4.83982
04AA,4.83843
04AB,4.83704
04AC,4.83564
04AD,4.83425
04AE,4.83286
04AF,4.83147
04B0,4.83008
04B1,4.82869
04B2,4.82729
04B3,4.82590
04B4,4.82451
04B5,4.82312
04B6,4.82173
04B7,4.82034
04B8,4.81895
04B9,4.81755
04BA,4.81616
04BB,4.81477
04BC,4.81338
04BD,4.81199
04BE,4.81060
04BF,4.80920
04C0,4.80781
04C1,4.80642
04C2,4.80503
04C3,4.80364
04C4,4.80225
04C5,4.80085
04C6,4.79946
04C7,4.79807
04C8,4.79668
04C9,4.79529
04CA,4.79390
04CB,4.79250
04CC,4.79111
04CD,4.78972
04CE,4.78833
04CF,4.78694
04D0,4.78555
04D1,4.78416
04D2,4.78276
04D3,4.78137
04D4,4.77998
04D5,4.77859
04D6,4.77720
04D7,4.77581
04D8,4.77441
04D9,4.77302
04DA,4.77163
04DB,4.77024
04DC,4.76885
04DD,4.76746
04DE,4.76606
04DF,4.76467
04E0,4.76328
04E1,4.76189
04E2,4.76050
04E3,4.75911
04E4,4.75771
04E5,4.75632
04E6,4.75493
04E7,4.75354
04E8,4.75215
04E9,4.75076
04EA,4.74937
04EB,4.74797
04EC,4.74658
04ED,4.74519
04EE,4.74380
04EF,4.74241
04F0,4.74102
04F1,4.73962
04F2,4.73823
04F3,4.73684
04F4,4.73545
04F5,4.73406
04F6,4.73267
04F7,4.73127
04F8,4.72988
04F9,4.72849
04FA,4.72710
04FB,4.72571
04FC,4.72432
04FD,4.72292
04FE,4.72153
04FF,4.72014
0500,4.71875
0501,4.71736
0502,4.71597
0503,4.71458
0504,4.71318
0505,4.71179
0506,4.71040
0507,4.70901
0508,4.70762
0509,4.70623
050A,4.70483
050B,4.70344
050C,4.70205
050D,4.70066
050E,4.69927
050F,4.69788
0510,4.69648
0511,4.69509
0512,4.69370
0513,4.69231
0514,4.69092
0515,4.68953
0516,4.68813
0517,4.68674
0518,4.68535
0519,4.68396
051A,4.68257
051B,4.68118
051C,4.67979
051D,4.67839
051E,4.67700
051F,4.67561
0520,4.67422
0521,4.67283
0522,4.67144
0523,4.67004
0524,4.66865
0525,4.66726
0526,4.66587
0527,4.66448
0528,4.66309
0529,4.66169
052A,4.66030
052B,4.65891
052C,4.65752
052D,4.65613
052E,4.65474
052F,4.65334
0530,4.65195
0531,4.65056
0532,4.64917
0533,4.64778
0534,4.64639
0535,4.64500
0536,4.64360
0537,4.64221
0538,4.64082
0539,4.63943
053A,4.63804
053B,4.63665
053C,4.63525
053D,4.63386
053E,4.63247
053F,4.63108
0540,4.62969
0541,4.62830
0542,4.62690
0543,4.62551
0544,4.62412
0545,4.62273
0546,4.62134
0547,4.61995
0548,4.61855
0549,4.61716
054A,4.61577
054B,4.61438
054C,4.61299
054D,4.61160
054E,4.61021
054F,4.60881
0550,4.60742
0551,4.60603
0552,4.60464
0553,4.60325
0554,4.60186
0555,4.60046
0556,4.59907
0557,4.59768
0558,4.59629
0559,4.59490
055A,4.59351
055B,4.59211
055C,4.59072
055D,4.58933
055E,4.58794
055F,4.58655
0560,4.58516
0561,4.58376
0562,4.58237
0563,4.58098
0564,4.57959
0565,4.57820
0566,4.57681
0567,4.57542
0568,4.57402
0569,4.57263
056A,4.57124
056B,4.56985
056C,4.56846
056D,4.56707
056E,4.56567
056F,4.56428
0570,4.56289
0571,4.56150
0572,4.56011
0573,4.55872
0574,4.55732
0575,4.55593
0576,4.55454
0577,4.55315
0578,4.55176
0579,4.55037
057A,4.54897
057B,4.54758
057C,4.54619
057D,4.54480
057E,4.54341
057F,4.54202
0580,4.54063
0581,4.53923
0582,4.53784
0583,4.53645
0584,4.53506
0585,4.53367
0586,4.53228
0587,4.53088
0588,4.52949
0589,4.52810
058A,4.52671
058B,4.52532
058C,4.52393
058D,4.52253
058E,4.52114
058F,4.51975
0590,4.51836
0591,4.51697
0592,4.51558
0593,4.51418
0594,4.51279
0595,4.51140
0596,4.51001
0597,4.50862
0598,4.50723
0599,4.50583
059A,4.50444
059B,4.50305
059C,4.50166
059D,4.50027
059E,4.49888
059F,4.49749
05A0,4.49609
05A1,4.49470
05A2,4.49331
05A3,4.49192
05A4,4.49053
05A5,4.48914
05A6,4.48774
05A7,4.48635
05A8,4.48496
05A9,4.48357
05AA,4.48218
05AB,4.48079
05AC,4.47939
05AD,4.47800
05AE,4.47661
05AF,4.47522
05B0,4.47383
05B1,4.47244
05B2,4.47104
05B3,4.46965
05B4,4.46826
05B5,4.46687
05B6,4.46548
05B7,4.46409
05B8,4.46270
05B9,4.46130
05BA,4.45991
05BB,4.45852
05BC,4.45713
05BD,4.45574
05BE,4.45435
05BF,4.45295
05C0,4.45156
05C1,4.45017
05C2,4.44878
05C3,4.44739
05C4,4.44600
05C5,4.44460
05C6,4.44321
05C7,4.44182
05C8,4.44043
05C9,4.43904
05CA,4.43765
05CB,4.43625
05CC,4.43486
05CD,4.43347
05CE,4.43208
05CF,4.43069
05D0,4.42930
05D1,4.42791
05D2,4.42651
05D3,4.42512
05D4,4.42373
05D5,4.42234
05D6,4.42095
05D7,4.41956
05D8,4.41816
05D9,4.41677
05DA,4.41538
05DB,4.41399
05DC,4.41260
05DD,4.41121
05DE,4.40981
05DF,4.40842
05E0,4.40703
05E1,4.40564
05E2,4.40425
05E3,4.40286
05E4,4.40146
05E5,4.40007
05E6,4.39868
05E7,4.39729
05E8,4.39590
05E9,4.39451
05EA,4.39312
05EB,4.39172
05EC,4.39033
05ED,4.38894
05EE,4.38755
05EF,4.38616
05F0,4.38477
05F1,4.38337
05F2,4.38198
05F3,4.38059
05F4,4.37920
05F5,4.37781
05F6,4.37642
05F7,4.37502
05F8,4.37363
05F9,4.37224
05FA,4.37085
05FB,4.36946
05FC,4.36807
05FD,4.36667
05FE,4.36528
05FF,4.36389
0600,4.36250
0601,4.36111
0602,4.35972
0603,4.35833
0604,4.35693
0605,4.35554
0606,4.35415
0607,4.35276
0608,4.35137
0609,4.34998
060A,4.34858
060B,4.34719
060C,4.34580
060D,4.34441
060E,4.34302
060F,4.34163
0610,4.34023
0611,4.33884
0612,4.33745
0613,4.33606
0614,4.33467
0615,4.33328
0616,4.33188
0617,4.33049
0618,4.32910
0619,4.32771
061A,4.32632
061B,4.32493
061C,4.32354
061D,4.32214
061E,4.32075
061F,4.31936
0620,4.31797
0621,4.31658
0622,4.31519
0623,4.31379
0624,4.31240
0625,4.31101
0626,4.30962
0627,4.30823
0628,4.30684
0629,4.30544
062A,4.30405
062B,4.30266
062C,4.30127
062D,4.29988
062E,4.29849
062F,4.29709
0630,4.29570
0631,4.29431
0632,4.29292
0633,4.29153
0634,4.29014
0635,4.28875
0636,4.28735
0637,4.28596
0638,4.28457
0639,4.28318
063A,4.28179
063B,4.28040
063C,4.27900
063D,4.27761
063E,4.27622
063F,4.27483
0640,4.27344
0641,4.27205
0642,4.27065
0643,4.26926
0644,4.26787
0645,4.26648
0646,4.26509
0647,4.26370
0648,4.26230
0649,4.26091
064A,4.25952
064B,4.25813
064C,4.25674
064D,4.25535
064E,4.25396
064F,4.25256
0650,4.25117
0651,4.24978
0652,4.24839
0653,4.24700
0654,4.24561
0655,4.24421
0656,4.24282
0657,4.24143
0658,4.24004
0659,4.23865
065A,4.23726
065B,4.23586
065C,4.23447
065D,4.23308
065E,4.23169
065F,4.23030
0660,4.22891
0661,4.22751
0662,4.22612
0663,4.22473
0664,4.22334
0665,4.22195
0666,4.22056
0667,4.21917
0668,4.21777
0669,4.21638
066A,4.21499
066B,4.21360
066C,4.21221
066D,4.21082
066E,4.20942
066F,4.20803
0670,4.20664
0671,4.20525
0672,4.20386
0673,4.20247
0674,4.20107
0675,4.19968
0676,4.19829
0677,4.19690
0678,4.19551
0679,4.19412
067A,4.19272
067B,4.19133
067C,4.18994
067D,4.18855
067E,4.18716
067F,4.18577
0680,4.18438
0681,4.18298
0682,4.18159
0683,4.18020
0684,4.17881
0685,4.17742
0686,4.17603
0687,4.17463
0688,4.17324
0689,4.17185
068A,4.17046
068B,4.16907
068C,4.16768
068D,4.16628
068E,4.16489
068F,4.16350
0690,4.16211
0691,4.16072
0692,4.15933
0693,4.15793
0694,4.15654
0695,4.15515
0696,4.15376
0697,4.15237
0698,4.15098
0699,4.14958
069A,4.14819
069B,4.14680
069C,4.14541
069D,4.14402
069E,4.14263
069F,4.14124
06A0,4.13984
06A1,4.13845
06A2,4.13706
06A3,4.13567
06A4,4.13428
06A5,4.13289
06A6,4.13149
06A7,4.13010
06A8,4.12871
06A9,4.12732
06AA,4.12593
06AB,4.12454
06AC,4.12314
06AD,4.12175
06AE,4.12036
06AF,4.11897
06B0,4.11758
06B1,4.11619
06B2,4.11479
06B3,4.11340
06B4,4.11201
06B5,4.11062
06B6,4.10923
06B7,4.10784
06B8,4.10645
06B9,4.10505
06BA,4.10366
06BB,4.10227
06BC,4.10088
06BD,4.09949
06BE,4.09810
06BF,4.09670
06C0,4.09531
06C1,4.09392
06C2,4.09253
06C3,4.09114
06C4,4.08975
06C5,4.08835
06C6,4.08696
06C7,4.08557
06C8,4.08418
06C9,4.08279
06CA,4.08140
06CB,4.08000
06CC,4.07861
06CD,4.07722
06CE,4.07583
06CF,4.07444
06D0,4.07305
06D1,4.07166
06D2,4.07026
06D3,4.06887
06D4,4.06748
06D5,4.06609
06D6,4.06470
06D7,4.06331
06D8,4.06191
06D9,4.06052
06DA,4.05913
06DB,4.05774
06DC,4.05635
06DD,4.05496
06DE,4.05356
06DF,4.05217
06E0,4.05078
06E1,4.04939
06E2,4.04800
06E3,4.04661
06E4,4.04521
06E5,4.04382
06E6,4.04243
06E7,4.04104
06E8,4.03965
06E9,4.03826
06EA,4.03687
06EB,4.03547
06EC,4.03408
06ED,4.03269
06EE,4.03130
06EF,4.02991
06F0,4.02852
06F1,4.02712
06F2,4.02573
06F3,4.02434
06F4,4.02295
06F5,4.02156
06F6,4.02017
06F7,4.01877
06F8,4.01738
06F9,4.01599
06FA,4.01460
06FB,4.01321
06FC,4.01182
06FD,4.01042
06FE,4.00903
06FF,4.00764
0700,4.00625
0701,4.00486
0702,4.00347
0703,4.00208
0704,4.00068
0705,3.99929
0706,3.99790
0707,3.99651
0708,3.99512
0709,3.99373
070A,3.99233
070B,3.99094
070C,3.98955
070D,3.98816
070E,3.98677
070F,3.98538
0710,3.98398
0711,3.98259
0712,3.98120
0713,3.97981
0714,3.97842
0715,3.97703
0716,3.97563
0717,3.97424
0718,3.97285
0719,3.97146
071A,3.97007
071B,3.96868
071C,3.96729
071D,3.96589
071E,3.96450
071F,3.96311
0720,3.96172
0721,3.96033
0722,3.95894
0723,3.95754
0724,3.95615
0725,3.95476
0726,3.95337
0727,3.95198
0728,3.95059
0729,3.94919
072A,3.94780
072B,3.94641
072C,3.94502
072D,3.94363
072E,3.94224
072F,3.94084
0730,3.93945
0731,3.93806
0732,3.93667
0733,3.93528
0734,3.93389
0735,3.93250
0736,3.93110
0737,3.92971
0738,3.92832
0739,3.92693
073A,3.92554
073B,3.92415
073C,3.92275
073D,3.92136
073E,3.91997
073F,3.91858
0740,3.91719
0741,3.91580
0742,3.91440
0743,3.91301
0744,3.91162
0745,3.91023
0746,3.90884
0747,3.90745
0748,3.90605
0749,3.90466
074A,3.90327
074B,3.90188
074C,3.90049
074D,3.89910
074E,3.89771
074F,3.89631
0750,3.89492
0751,3.89353
0752,3.89214
0753,3.89075
0754,3.88936
0755,3.88796
0756,3.88657
0757,3.88518
0758,3.88379
0759,3.88240
075A,3.88101
075B,3.87961
075C,3.87822
075D,3.87683
075E,3.87544
075F,3.87405
0760,3.87266
0761,3.87126
0762,3.86987
0763,3.86848
0764,3.86709
0765,3.86570
0766,3.86431
0767,3.86292
0768,3.86152
0769,3.86013
076A,3.85874
076B,3.85735
076C,3.85596
076D,3.85457
076E,3.85317
076F,3.85178
0770,3.85039
0771,3.84900
0772,3.84761
0773,3.84622
0774,3.84482
0775,3.84343
0776,3.84204
0777,3.84065
0778,3.83926
0779,3.83787
077A,3.83647
077B,3.83508
077C,3.83369
077D,3.83230
077E,3.83091
077F,3.82952
0780,3.82813
0781,3.82673
0782,3.82534
0783,3.82395
0784,3.82256
0785,3.82117
0786,3.81978
0787,3.81838
0788,3.81699
0789,3.81560
078A,3.81421
078B,3.81282
078C,3.81143
078D,3.81003
078E,3.80864
078F,3.80725
0790,3.80586
0791,3.80447
0792,3.80308
0793,3.80168
0794,3.80029
0795,3.79890
0796,3.79751
0797,3.79612
0798,3.79473
0799,3.79333
079A,3.79194
079B,3.79055
079C,3.78916
079D,3.78777
079E,3.78638
079F,3.78499
07A0,3.78359
07A1,3.78220
07A2,3.78081
07A3,3.77942
07A4,3.77803
07A5,3.77664
07A6,3.77524
07A7,3.77385
07A8,3.77246
07A9,3.77107
07AA,3.76968
07AB,3.76829
07AC,3.76689
07AD,3.76550
07AE,3.76411
07AF,3.76272
07B0,3.76133
07B1,3.75994
07B2,3.75854
07B3,3.75715
07B4,3.75576
07B5,3.75437
07B6,3.75298
07B7,3.75159
07B8,3.75020
07B9,3.74880
07BA,3.74741
07BB,3.74602
07BC,3.74463
07BD,3.74324
07BE,3.74185
07BF,3.74045
07C0,3.73906
07C1,3.73767
07C2,3.73628
07C3,3.73489
07C4,3.73350
07C5,3.73210
07C6,3.73071
07C7,3.72932
07C8,3.72793
07C9,3.72654
07CA,3.72515
07CB,3.72375
07CC,3.72236
07CD,3.72097
07CE,3.71958
07CF,3.71819
07D0,3.71680
07D1,3.71541
07D2,3.71401
07D3,3.71262
07D4,3.71123
07D5,3.70984
07D6,3.70845
07D7,3.70706
07D8,3.70566
07D9,3.70427
07DA,3.70288
07DB,3.70149
07DC,3.70010
07DD,3.69871
07DE,3.69731
07DF,3.69592
07E0,3.69453
07E1,3.69314
07E2,3.69175
07E3,3.69036
07E4,3.68896
07E5,3.68757
07E6,3.68618
07E7,3.68479
07E8,3.68340
07E9,3.68201
07EA,3.68062
07EB,3.67922
07EC,3.67783
07ED,3.67644
07EE,3.67505
07EF,3.67366
07F0,3.67227
07F1,3.67087
07F2,3.66948
07F3,3.66809
07F4,3.66670
07F5,3.66531
07F6,3.66392
07F7,3.66252
07F8,3.66113
07F9,3.65974
07FA,3.65835
07FB,3.65696
07FC,3.65557
07FD,3.65417
07FE,3.65278
07FF,3.65139
0800,3.65000
0801,3.64861
0802,3.64722
0803,3.64583
0804,3.64443
0805,3.64304
0806,3.64165
0807,3.64026
0808,3.63887
0809,3.63748
080A,3.63608
080B,3.63469
080C,3.63330
080D,3.63191
080E,3.63052
080F,3.62913
0810,3.62773
0811,3.62634
0812,3.62495
0813,3.62356
0814,3.62217
0815,3.62078
0816,3.61938
0817,3.61799
0818,3.61660
0819,3.61521
081A,3.61382
081B,3.61243
081C,3.61104
081D,3.60964
081E,3.60825
081F,3.60686
0820,3.60547
0821,3.60408
0822,3.60269
0823,3.60129
0824,3.59990
0825,3.59851
0826,3.59712
0827,3.59573
0828,3.59434
0829,3.59294
082A,3.59155
082B,3.59016
082C,3.58877
082D,3.58738
082E,3.58599
082F,3.58459
0830,3.58320
0831,3.58181
0832,3.58042
0833,3.57903
0834,3.57764
0835,3.57625
0836,3.57485
0837,3.57346
0838,3.57207
0839,3.57068
083A,3.56929
083B,3.56790
083C,3.56650
083D,3.56511
083E,3.56372
083F,3.56233
0840,3.56094
0841,3.55955
0842,3.55815
0843,3.55676
0844,3.55537
0845,3.55398
0846,3.55259
0847,3.55120
0848,3.54980
0849,3.54841
084A,3.54702
084B,3.54563
084C,3.54424
084D,3.54285
084E,3.54146
084F,3.54006
0850,3.53867
0851,3.53728
0852,3.53589
0853,3.53450
0854,3.53311
0855,3.53171
0856,3.53032
0857,3.52893
0858,3.52754
0859,3.52615
085A,3.52476
085B,3.52336
085C,3.52197
085D,3.52058
085E,3.51919
085F,3.51780
0860,3.51641
0861,3.51501
0862,3.51362
0863,3.51223
0864,3.51084
0865,3.50945
0866,3.50806
0867,3.50667
0868,3.50527
0869,3.50388
086A,3.50249
086B,3.50110
086C,3.49971
086D,3.49832
086E,3.49692
086F,3.49553
0870,3.49414
0871,3.49275
0872,3.49136
0873,3.48997
0874,3.48857
0875,3.48718
0876,3.48579
0877,3.48440
0878,3.48301
0879,3.48162
087A,3.48022
087B,3.47883
087C,3.47744
087D,3.47605
087E,3.47466
087F,3.47327
0880,3.47188
0881,3.47048
0882,3.46909
0883,3.46770
0884,3.46631
0885,3.46492
0886,3.46353
0887,3.46213
0888,3.46074
0889,3.45935
088A,3.45796
088B,3.45657
088C,3.45518
088D,3.45378
088E,3.45239
088F,3.45100
0890,3.44961
0891,3.44822
0892,3.44683
0893,3.44543
0894,3.44404
0895,3.44265
0896,3.44126
0897,3.43987
0898,3.43848
0899,3.43708
089A,3.43569
089B,3.43430
089C,3.43291
089D,3.43152
089E,3.43013
089F,3.42874
08A0,3.42734
08A1,3.42595
08A2,3.42456
08A3,3.42317
08A4,3.42178
08A5,3.42039
08A6,3.41899
08A7,3.41760
08A8,3.41621
08A9,3.41482
08AA,3.41343
08AB,3.41204
08AC,3.41064
08AD,3.40925
08AE,3.40786
08AF,3.40647
08B0,3.40508
08B1,3.40369
08B2,3.40229
08B3,3.40090
08B4,3.39951
08B5,3.39812
08B6,3.39673
08B7,3.39534
08B8,3.39395
08B9,3.39255
08BA,3.39116
08BB,3.38977
08BC,3.38838
08BD,3.38699
08BE,3.38560
08BF,3.38420
08C0,3.38281
08C1,3.38142
08C2,3.38003
08C3,3.37864
08C4,3.37725
08C5,3.37585
08C6,3.37446
08C7,3.37307
08C8,3.37168
08C9,3.37029
08CA,3.36890
08CB,3.36750
08CC,3.36611
08CD,3.36472
08CE,3.36333
08CF,3.36194
08D0,3.36055
08D1,3.35916
08D2,3.35776
08D3,3.35637
08D4,3.35498
08D5,3.35359
08D6,3.35220
08D7,3.35081
08D8,3.34941
08D9,3.34802
08DA,3.34663
08DB,3.34524
08DC,3.34385
08DD,3.34246
08DE,3.34106
08DF,3.33967
08E0,3.33828
08E1,3.33689
08E2,3.33550
08E3,3.33411
08E4,3.33271
08E5,3.33132
08E6,3.32993
08E7,3.32854
08E8,3.32715
08E9,3.32576
08EA,3.32437
08EB,3.32297
08EC,3.32158
08ED,3.32019
08EE,3.31880
08EF,3.31741
08F0,3.31602
08F1,3.31462
08F2,3.31323
08F3,3.31184
08F4,3.31045
08F5,3.30906
08F6,3.30767
08F7,3.30627
08F8,3.30488
08F9,3.30349
08FA,3.30210
08FB,3.30071
08FC,3.29932
08FD,3.29792
08FE,3.29653
08FF,3.29514
0900,3.29375
0901,3.29236
0902,3.29097
0903,3.28958
0904,3.28818
0905,3.28679
0906,3.28540
0907,3.28401
0908,3.28262
0909,3.28123
090A,3.27983
090B,3.27844
090C,3.27705
090D,3.27566
090E,3.27427
090F,3.27288
0910,3.27148
0911,3.27009
0912,3.26870
0913,3.26731
0914,3.26592
0915,3.26453
0916,3.26313
0917,3.26174
0918,3.26035
0919,3.25896
091A,3.25757
091B,3.25618
091C,3.25479
091D,3.25339
091E,3.25200
091F,3.25061
0920,3.24922
0921,3.24783
0922,3.24644
0923,3.24504
0924,3.24365
0925,3.24226
0926,3.24087
0927,3.23948
0928,3.23809
0929,3.23669
092A,3.23530
092B,3.23391
092C,3.23252
092D,3.23113
092E,3.22974
092F,3.22834
0930,3.22695
0931,3.22556
0932,3.22417
0933,3.22278
0934,3.22139
0935,3.22000
0936,3.21860
0937,3.21721
0938,3.21582
0939,3.21443
093A,3.21304
093B,3.21165
093C,3.21025
093D,3.20886
093E,3.20747
093F,3.20608
0940,3.20469
0941,3.20330
0942,3.20190
0943,3.20051
0944,3.19912
0945,3.19773
0946,3.19634
0947,3.19495
0948,3.19355
0949,3.19216
094A,3.19077
094B,3.18938
094C,3.18799
094D,3.18660
094E,3.18521
094F,3.18381
0950,3.18242
0951,3.18103
0952,3.17964
0953,3.17825
0954,3.17686
0955,3.17546
0956,3.17407
0957,3.17268
0958,3.17129
0959,3.16990
095A,3.16851
095B,3.16711
095C,3.16572
095D,3.16433
095E,3.16294
095F,3.16155
0960,3.16016
0961,3.15876
0962,3.15737
0963,3.15598
0964,3.15459
0965,3.15320
0966,3.15181
0967,3.15042
0968,3.14902
0969,3.14763
096A,3.14624
096B,3.14485
096C,3.14346
096D,3.14207
096E,3.14067
096F,3.13928
0970,3.13789
0971,3.13650
0972,3.13511
0973,3.13372
0974,3.13232
0975,3.13093
0976,3.12954
0977,3.12815
0978,3.12676
0979,3.12537
097A,3.12397
097B,3.12258
097C,3.12119
097D,3.11980
097E,3.11841
097F,3.11702
0980,3.11563
0981,3.11423
0982,3.11284
0983,3.11145
0984,3.11006
0985,3.10867
0986,3.10728
0987,3.10588
0988,3.10449
0989,3.10310
098A,3.10171
098B,3.10032
098C,3.09893
098D,3.09753
098E,3.09614
098F,3.09475
0990,3.09336
0991,3.09197
0992,3.09058
0993,3.08918
0994,3.08779
0995,3.08640
0996,3.08501
0997,3.08362
0998,3.08223
0999,3.08083
099A,3.07944
099B,3.07805
099C,3.07666
099D,3.07527
099E,3.07388
099F,3.07249
09A0,3.07109
09A1,3.06970
09A2,3.06831
09A3,3.06692
09A4,3.06553
09A5,3.06414
09A6,3.06274
09A7,3.06135
09A8,3.05996
09A9,3.05857
09AA,3.05718
09AB,3.05579
09AC,3.05439
09AD,3.05300
09AE,3.05161
09AF,3.05022
09B0,3.04883
09B1,3.04744
09B2,3.04604
09B3,3.04465
09B4,3.04326
09B5,3.04187
09B6,3.04048
09B7,3.03909
09B8,3.03770
09B9,3.03630
09BA,3.03491
09BB,3.03352
09BC,3.03213
09BD,3.03074
09BE,3.02935
09BF,3.02795
09C0,3.02656
09C1,3.02517
09C2,3.02378
09C3,3.02239
09C4,3.02100
09C5,3.01960
09C6,3.01821
09C7,3.01682
09C8,3.01543
09C9,3.01404
09CA,3.01265
09CB,3.01125
09CC,3.00986
09CD,3.00847
09CE,3.00708
09CF,3.00569
09D0,3.00430
09D1,3.00291
09D2,3.00151
09D3,3.00012
09D4,2.99873
09D5,2.99734
09D6,2.99595
09D7,2.99456
09D8,2.99316
09D9,2.99177
09DA,2.99038
09DB,2.98899
09DC,2.98760
09DD,2.98621
09DE,2.98481
09DF,2.98342
09E0,2.98203
09E1,2.98064
09E2,2.97925
09E3,2.97786
09E4,2.97646
09E5,2.97507
09E6,2.97368
09E7,2.97229
09E8,2.97090
09E9,2.96951
09EA,2.96812
09EB,2.96672
09EC,2.96533
09ED,2.96394
09EE,2.96255
09EF,2.96116
09F0,2.95977
09F1,2.95837
09F2,2.95698
09F3,2.95559
09F4,2.95420
09F5,2.95281
09F6,2.95142
09F7,2.95002
09F8,2.94863
09F9,2.94724
09FA,2.94585
09FB,2.94446
09FC,2.94307
09FD,2.94167
09FE,2.94028
09FF,2.93889
0A00,2.93750
0A01,2.93611
0A02,2.93472
0A03,2.93333
0A04,2.93193
0A05,2.93054
0A06,2.92915
0A07,2.92776
0A08,2.92637
0A09,2.92498
0A0A,2.92358
0A0B,2.92219
0A0C,2.92080
0A0D,2.91941
0A0E,2.91802
0A0F,2.91663
0A10,2.91523
0A11,2.91384
0A12,2.91245
0A13,2.91106
0A14,2.90967
0A15,2.90828
0A16,2.90688
0A17,2.90549
0A18,2.90410
0A19,2.90271
0A1A,2.90132
0A1B,2.89993
0A1C,2.89854
0A1D,2.89714
0A1E,2.89575
0A1F,2.89436
0A20,2.89297
0A21,2.89158
0A22,2.89019
0A23,2.88879
0A24,2.88740
0A25,2.88601
0A26,2.88462
0A27,2.88323
0A28,2.88184
0A29,2.88044
0A2A,2.87905
0A2B,2.87766
0A2C,2.87627
0A2D,2.87488
0A2E,2.87349
0A2F,2.87209
0A30,2.87070
0A31,2.86931
0A32,2.86792
0A33,2.86653
0A34,2.86514
0A35,2.86375
0A36,2.86235
0A37,2.86096
0A38,2.85957
0A39,2.85818
0A3A,2.85679
0A3B,2.85540
0A3C,2.85400
0A3D,2.85261
0A3E,2.85122
0A3F,2.84983
0A40,2.84844
0A41,2.84705
0A42,2.84565
0A43,2.84426
0A44,2.84287
0A45,2.84148
0A46,2.84009
0A47,2.83870
0A48,2.83730
0A49,2.83591
0A4A,2.83452
0A4B,2.83313
0A4C,2.83174
0A4D,2.83035
0A4E,2.82896
0A4F,2.82756
0A50,2.82617
0A51,2.82478
0A52,2.82339
0A53,2.82200
0A54,2.82061
0A55,2.81921
0A56,2.81782
0A57,2.81643
0A58,2.81504
0A59,2.81365
0A5A,2.81226
0A5B,2.81086
0A5C,2.80947
0A5D,2.80808
0A5E,2.80669
0A5F,2.80530
0A60,2.80391
0A61,2.80251
0A62,2.80112
0A63,2.79973
0A64,2.79834
0A65,2.79695
0A66,2.79556
0A67,2.79417
0A68,2.79277
0A69,2.79138
0A6A,2.78999
0A6B,2.78860
0A6C,2.78721
0A6D,2.78582
0A6E,2.78442
0A6F,2.78303
0A70,2.78164
0A71,2.78025
0A72,2.77886
0A73,2.77747
0A74,2.77607
0A75,2.77468
0A76,2.77329
0A77,2.77190
0A78,2.77051
0A79,2.76912
0A7A,2.76772
0A7B,2.76633
0A7C,2.76494
0A7D,2.76355
0A7E,2.76216
0A7F,2.76077
0A80,2.75938
0A81,2.75798
0A82,2.75659
0A83,2.75520
0A84,2.75381
0A85,2.75242
0A86,2.75103
0A87,2.74963
0A88,2.74824
0A89,2.74685
0A8A,2.74546
0A8B,2.74407
0A8C,2.74268
0A8D,2.74128
0A8E,2.73989
0A8F,2.73850
0A90,2.73711
0A91,2.73572
0A92,2.73433
0A93,2.73293
0A94,2.73154
0A95,2.73015
0A96,2.72876
0A97,2.72737
0A98,2.72598
0A99,2.72458
0A9A,2.72319
0A9B,2.72180
0A9C,2.72041
0A9D,2.71902
0A9E,2.71763
0A9F,2.71624
0AA0,2.71484
0AA1,2.71345
0AA2,2.71206
0AA3,2.71067
0AA4,2.70928
0AA5,2.70789
0AA6,2.70649
0AA7,2.70510
0AA8,2.70371
0AA9,2.70232
0AAA,2.70093
0AAB,2.69954
0AAC,2.69814
0AAD,2.69675
0AAE,2.69536
0AAF,2.69397
0AB0,2.69258
0AB1,2.69119
0AB2,2.68979
0AB3,2.68840
0AB4,2.68701
0AB5,2.68562
0AB6,2.68423
0AB7,2.68284
0AB8,2.68145
0AB9,2.68005
0ABA,2.67866
0ABB,2.67727
0ABC,2.67588
0ABD,2.67449
0ABE,2.67310
0ABF,2.67170
0AC0,2.67031
0AC1,2.66892
0AC2,2.66753
0AC3,2.66614
0AC4,2.66475
0AC5,2.66335
0AC6,2.66196
0AC7,2.66057
0AC8,2.65918
0AC9,2.65779
0ACA,2.65640
0ACB,2.65500
0ACC,2.65361
0ACD,2.65222
0ACE,2.65083
0ACF,2.64944
0AD0,2.64805
0AD1,2.64666
0AD2,2.64526
0AD3,2.64387
0AD4,2.64248
0AD5,2.64109
0AD6,2.63970
0AD7,2.63831
0AD8,2.63691
0AD9,2.63552
0ADA,2.63413
0ADB,2.63274
0ADC,2.63135
0ADD,2.62996
0ADE,2.62856
0ADF,2.62717
0AE0,2.62578
0AE1,2.62439
0AE2,2.62300
0AE3,2.62161
0AE4,2.62021
0AE5,2.61882
0AE6,2.61743
0AE7,2.61604
0AE8,2.61465
0AE9,2.61326
0AEA,2.61187
0AEB,2.61047
0AEC,2.60908
0AED,2.60769
0AEE,2.60630
0AEF,2.60491
0AF0,2.60352
0AF1,2.60212
0AF2,2.60073
0AF3,2.59934
0AF4,2.59795
0AF5,2.59656
0AF6,2.59517
0AF7,2.59377
0AF8,2.59238
0AF9,2.59099
0AFA,2.58960
0AFB,2.58821
0AFC,2.58682
0AFD,2.58542
0AFE,2.58403
0AFF,2.58264
0B00,2.58125
0B01,2.57986
0B02,2.57847
0B03,2.57708
0B04,2.57568
0B05,2.57429
0B06,2.57290
0B07,2.57151
0B08,2.57012
0B09,2.56873
0B0A,2.56733
0B0B,2.56594
0B0C,2.56455
0B0D,2.56316
0B0E,2.56177
0B0F,2.56038
0B10,2.55898
0B11,2.55759
0B12,2.55620
0B13,2.55481
0B14,2.55342
0B15,2.55203
0B16,2.55063
0B17,2.54924
0B18,2.54785
0B19,2.54646
0B1A,2.54507
0B1B,2.54368
0B1C,2.54229
0B1D,2.54089
0B1E,2.53950
0B1F,2.53811
0B20,2.53672
0B21,2.53533
0B22,2.53394
0B23,2.53254
0B24,2.53115
0B25,2.52976
0B26,2.52837
0B27,2.52698
0B28,2.52559
0B29,2.52419
0B2A,2.52280
0B2B,2.52141
0B2C,2.52002
0B2D,2.51863
0B2E,2.51724
0B2F,2.51584
0B30,2.51445
0B31,2.51306
0B32,2.51167
0B33,2.51028
0B34,2.50889
0B35,2.50750
0B36,2.50610
0B37,2.50471
0B38,2.50332
0B39,2.50193
0B3A,2.50054
0B3B,2.49915
0B3C,2.49775
0B3D,2.49636
0B3E,2.49497
0B3F,2.49358
0B40,2.49219
0B41,2.49080
0B42,2.48940
0B43,2.48801
0B44,2.48662
0B45,2.48523
0B46,2.48384
0B47,2.48245
0B48,2.48105
0B49,2.47966
0B4A,2.47827
0B4B,2.47688
0B4C,2.47549
0B4D,2.47410
0B4E,2.47271
0B4F,2.47131
0B50,2.46992
0B51,2.46853
0B52,2.46714
0B53,2.46575
0B54,2.46436
0B55,2.46296
0B56,2.46157
0B57,2.46018
0B58,2.45879
0B59,2.45740
0B5A,2.45601
0B5B,2.45461
0B5C,2.45322
0B5D,2.45183
0B5E,2.45044
0B5F,2.44905
0B60,2.44766
0B61,2.44626
0B62,2.44487
0B63,2.44348
0B64,2.44209
0B65,2.44070
0B66,2.43931
0B67,2.43792
0B68,2.43652
0B69,2.43513
0B6A,2.43374
0B6B,2.43235
0B6C,2.43096
0B6D,2.42957
0B6E,2.42817
0B6F,2.42678
0B70,2.42539
0B71,2.42400
0B72,2.42261
0B73,2.42122
0B74,2.41982
0B75,2.41843
0B76,2.41704
0B77,2.41565
0B78,2.41426
0B79,2.41287
0B7A,2.41147
0B7B,2.41008
0B7C,2.40869
0B7D,2.40730
0B7E,2.40591
0B7F,2.40452
0B80,2.40313
0B81,2.40173
0B82,2.40034
0B83,2.39895
0B84,2.39756
0B85,2.39617
0B86,2.39478
0B87,2.39338
0B88,2.39199
0B89,2.39060
0B8A,2.38921
0B8B,2.38782
0B8C,2.38643
0B8D,2.38503
0B8E,2.38364
0B8F,2.38225
0B90,2.38086
0B91,2.37947
0B92,2.37808
0B93,2.37668
0B94,2.37529
0B95,2.37390
0B96,2.37251
0B97,2.37112
0B98,2.36973
0B99,2.36833
0B9A,2.36694
0B9B,2.36555
0B9C,2.36416
0B9D,2.36277
0B9E,2.36138
0B9F,2.35999
0BA0,2.35859
0BA1,2.35720
0BA2,2.35581
0BA3,2.35442
0BA4,2.35303
0BA5,2.35164
0BA6,2.35024
0BA7,2.34885
0BA8,2.34746
0BA9,2.34607
0BAA,2.34468
0BAB,2.34329
0BAC,2.34189
0BAD,2.34050
0BAE,2.33911
0BAF,2.33772
0BB0,2.33633
0BB1,2.33494
0BB2,2.33354
0BB3,2.33215
0BB4,2.33076
0BB5,2.32937
0BB6,2.32798
0BB7,2.32659
0BB8,2.32520
0BB9,2.32380
0BBA,2.32241
0BBB,2.32102
0BBC,2.31963
0BBD,2.31824
0BBE,2.31685
0BBF,2.31545
0BC0,2.31406
0BC1,2.31267
0BC2,2.31128
0BC3,2.30989
0BC4,2.30850
0BC5,2.30710
0BC6,2.30571
0BC7,2.30432
0BC8,2.30293
0BC9,2.30154
0BCA,2.30015
0BCB,2.29875
0BCC,2.29736
0BCD,2.29597
0BCE,2.29458
0BCF,2.29319
0BD0,2.29180
0BD1,2.29041
0BD2,2.28901
0BD3,2.28762
0BD4,2.28623
0BD5,2.28484
0BD6,2.28345
0BD7,2.28206
0BD8,2.28066
0BD9,2.27927
0BDA,2.27788
0BDB,2.27649
0BDC,2.27510
0BDD,2.27371
0BDE,2.27231
0BDF,2.27092
0BE0,2.26953
0BE1,2.26814
0BE2,2.26675
0BE3,2.26536
0BE4,2.26396
0BE5,2.26257
0BE6,2.26118
0BE7,2.25979
0BE8,2.25840
0BE9,2.25701
0BEA,2.25562
0BEB,2.25422
0BEC,2.25283
0BED,2.25144
0BEE,2.25005
0BEF,2.24866
0BF0,2.24727
0BF1,2.24587
0BF2,2.24448
0BF3,2.24309
0BF4,2.24170
0BF5,2.24031
0BF6,2.23892
0BF7,2.23752
0BF8,2.23613
0BF9,2.23474
0BFA,2.23335
0BFB,2.23196
0BFC,2.23057
0BFD,2.22917
0BFE,2.22778
0BFF,2.22639
0C00,2.22500
0C01,2.22361
0C02,2.22222
0C03,2.22083
0C04,2.21943
0C05,2.21804
0C06,2.21665
0C07,2.21526
0C08,2.21387
0C09,2.21248
0C0A,2.21108
0C0B,2.20969
0C0C,2.20830
0C0D,2.20691
0C0E,2.20552
0C0F,2.20413
0C10,2.20273
0C11,2.20134
0C12,2.19995
0C13,2.19856
0C14,2.19717
0C15,2.19578
0C16,2.19438
0C17,2.19299
0C18,2.19160
0C19,2.19021
0C1A,2.18882
0C1B,2.18743
0C1C,2.18604
0C1D,2.18464
0C1E,2.18325
0C1F,2.18186
0C20,2.18047
0C21,2.17908
0C22,2.17769
0C23,2.17629
0C24,2.17490
0C25,2.17351
0C26,2.17212
0C27,2.17073
0C28,2.16934
0C29,2.16794
0C2A,2.16655
0C2B,2.16516
0C2C,2.16377
0C2D,2.16238
0C2E,2.16099
0C2F,2.15959
0C30,2.15820
0C31,2.15681
0C32,2.15542
0C33,2.15403
0C34,2.15264
0C35,2.15125
0C36,2.14985
0C37,2.14846
0C38,2.14707
0C39,2.14568
0C3A,2.14429
0C3B,2.14290
0C3C,2.14150
0C3D,2.14011
0C3E,2.13872
0C3F,2.13733
0C40,2.13594
0C41,2.13455
0C42,2.13315
0C43,2.13176
0C44,2.13037
0C45,2.12898
0C46,2.12759
0C47,2.12620
0C48,2.12480
0C49,2.12341
0C4A,2.12202
0C4B,2.12063
0C4C,2.11924
0C4D,2.11785
0C4E,2.11646
0C4F,2.11506
0C50,2.11367
0C51,2.11228
0C52,2.11089
0C53,2.10950
0C54,2.10811
0C55,2.10671
0C56,2.10532
0C57,2.10393
0C58,2.10254
0C59,2.10115
0C5A,2.09976
0C5B,2.09836
0C5C,2.09697
0C5D,2.09558
0C5E,2.09419
0C5F,2.09280
0C60,2.09141
0C61,2.09001
0C62,2.08862
0C63,2.08723
0C64,2.08584
0C65,2.08445
0C66,2.08306
0C67,2.08167
0C68,2.08027
0C69,2.07888
0C6A,2.07749
0C6B,2.07610
0C6C,2.07471
0C6D,2.07332
0C6E,2.07192
0C6F,2.07053
0C70,2.06914
0C71,2.06775
0C72,2.06636
0C73,2.06497
0C74,2.06357
0C75,2.06218
0C76,2.06079
0C77,2.05940
0C78,2.05801
0C79,2.05662
0C7A,2.05522
0C7B,2.05383
0C7C,2.05244
0C7D,2.05105
0C7E,2.04966
0C7F,2.04827
0C80,2.04688
0C81,2.04548
0C82,2.04409
0C83,2.04270
0C84,2.04131
0C85,2.03992
0C86,2.03853
0C87,2.03713
0C88,2.03574
0C89,2.03435
0C8A,2.03296
0C8B,2.03157
0C8C,2.03018
0C8D,2.02878
0C8E,2.02739
0C8F,2.02600
0C90,2.02461
0C91,2.02322
0C92,2.02183
0C93,2.02043
0C94,2.01904
0C95,2.01765
0C96,2.01626
0C97,2.01487
0C98,2.01348
0C99,2.01208
0C9A,2.01069
0C9B,2.00930
0C9C,2.00791
0C9D,2.00652
0C9E,2.00513
0C9F,2.00374
0CA0,2.00234
0CA1,2.00095
0CA2,1.99956
0CA3,1.99817
0CA4,1.99678
0CA5,1.99539
0CA6,1.99399
0CA7,1.99260
0CA8,1.99121
0CA9,1.98982
0CAA,1.98843
0CAB,1.98704
0CAC,1.98564
0CAD,1.98425
0CAE,1.98286
0CAF,1.98147
0CB0,1.98008
0CB1,1.97869
0CB2,1.97729
0CB3,1.97590
0CB4,1.97451
0CB5,1.97312
0CB6,1.97173
0CB7,1.97034
0CB8,1.96895
0CB9,1.96755
0CBA,1.96616
0CBB,1.96477
0CBC,1.96338
0CBD,1.96199
0CBE,1.96060
0CBF,1.95920
0CC0,1.95781
0CC1,1.95642
0CC2,1.95503
0CC3,1.95364
0CC4,1.95225
0CC5,1.95085
0CC6,1.94946
0CC7,1.94807
0CC8,1.94668
0CC9,1.94529
0CCA,1.94390
0CCB,1.94250
0CCC,1.94111
0CCD,1.93972
0CCE,1.93833
0CCF,1.93694
0CD0,1.93555
0CD1,1.93416
0CD2,1.93276
0CD3,1.93137
0CD4,1.92998
0CD5,1.92859
0CD6,1.92720
0CD7,1.92581
0CD8,1.92441
0CD9,1.92302
0CDA,1.92163
0CDB,1.92024
0CDC,1.91885
0CDD,1.91746
0CDE,1.91606
0CDF,1.91467
0CE0,1.91328
0CE1,1.91189
0CE2,1.91050
0CE3,1.90911
0CE4,1.90771
0CE5,1.90632
0CE6,1.90493
0CE7,1.90354
0CE8,1.90215
0CE9,1.90076
0CEA,1.89937
0CEB,1.89797
0CEC,1.89658
0CED,1.89519
0CEE,1.89380
0CEF,1.89241
0CF0,1.89102
0CF1,1.88962
0CF2,1.88823
0CF3,1.88684
0CF4,1.88545
0CF5,1.88406
0CF6,1.88267
0CF7,1.88127
0CF8,1.87988
0CF9,1.87849
0CFA,1.87710
0CFB,1.87571
0CFC,1.87432
0CFD,1.87292
0CFE,1.87153
0CFF,1.87014
0D00,1.86875
0D01,1.86736
0D02,1.86597
0D03,1.86458
0D04,1.86318
0D05,1.86179
0D06,1.86040
0D07,1.85901
0D08,1.85762
0D09,1.85623
0D0A,1.85483
0D0B,1.85344
0D0C,1.85205
0D0D,1.85066
0D0E,1.84927
0D0F,1.84788
0D10,1.84648
0D11,1.84509
0D12,1.84370
0D13,1.84231
0D14,1.84092
0D15,1.83953
0D16,1.83813
0D17,1.83674
0D18,1.83535
0D19,1.83396
0D1A,1.83257
0D1B,1.83118
0D1C,1.82979
0D1D,1.82839
0D1E,1.82700
0D1F,1.82561
0D20,1.82422
0D21,1.82283
0D22,1.82144
0D23,1.82004
0D24,1.81865
0D25,1.81726
0D26,1.81587
0D27,1.81448
0D28,1.81309
0D29,1.81169
0D2A,1.81030
0D2B,1.80891
0D2C,1.80752
0D2D,1.80613
0D2E,1.80474
0D2F,1.80334
0D30,1.80195
0D31,1.80056
0D32,1.79917
0D33,1.79778
0D34,1.79639
0D35,1.79500
0D36,1.79360
0D37,1.79221
0D38,1.79082
0D39,1.78943
0D3A,1.78804
0D3B,1.78665
0D3C,1.78525
0D3D,1.78386
0D3E,1.78247
0D3F,1.78108
0D40,1.77969
0D41,1.77830
0D42,1.77690
0D43,1.77551
0D44,1.77412
0D45,1.77273
0D46,1.77134
0D47,1.76995
0D48,1.76855
0D49,1.76716
0D4A,1.76577
0D4B,1.76438
0D4C,1.76299
0D4D,1.76160
0D4E,1.76021
0D4F,1.75881
0D50,1.75742
0D51,1.75603
0D52,1.75464
0D53,1.75325
0D54,1.75186
0D55,1.75046
0D56,1.74907
0D57,1.74768
0D58,1.74629
0D59,1.74490
0D5A,1.74351
0D5B,1.74211
0D5C,1.74072
0D5D,1.73933
0D5E,1.73794
0D5F,1.73655
0D60,1.73516
0D61,1.73376
0D62,1.73237
0D63,1.73098
0D64,1.72959
0D65,1.72820
0D66,1.72681
0D67,1.72542
0D68,1.72402
0D69,1.72263
0D6A,1.72124
0D6B,1.71985
0D6C,1.71846
0D6D,1.71707
0D6E,1.71567
0D6F,1.71428
0D70,1.71289
0D71,1.71150
0D72,1.71011
0D73,1.70872
0D74,1.70732
0D75,1.70593
0D76,1.70454
0D77,1.70315
0D78,1.70176
0D79,1.70037
0D7A,1.69897
0D7B,1.69758
0D7C,1.69619
0D7D,1.69480
0D7E,1.69341
0D7F,1.69202
0D80,1.69063
0D81,1.68923
0D82,1.68784
0D83,1.68645
0D84,1.68506
0D85,1.68367
0D86,1.68228
0D87,1.68088
0D88,1.67949
0D89,1.67810
0D8A,1.67671
0D8B,1.67532
0D8C,1.67393
0D8D,1.67253
0D8E,1.67114
0D8F,1.66975
0D90,1.66836
0D91,1.66697
0D92,1.66558
0D93,1.66418
0D94,1.66279
0D95,1.66140
0D96,1.66001
0D97,1.65862
0D98,1.65723
0D99,1.65583
0D9A,1.65444
0D9B,1.65305
0D9C,1.65166
0D9D,1.65027
0D9E,1.64888
0D9F,1.64749
0DA0,1.64609
0DA1,1.64470
0DA2,1.64331
0DA3,1.64192
0DA4,1.64053
0DA5,1.63914
0DA6,1.63774
0DA7,1.63635
0DA8,1.63496
0DA9,1.63357
0DAA,1.63218
0DAB,1.63079
0DAC,1.62939
0DAD,1.62800
0DAE,1.62661
0DAF,1.62522
0DB0,1.62383
0DB1,1.62244
0DB2,1.62104
0DB3,1.61965
0DB4,1.61826
0DB5,1.61687
0DB6,1.61548
0DB7,1.61409
0DB8,1.61270
0DB9,1.61130
0DBA,1.60991
0DBB,1.60852
0DBC,1.60713
0DBD,1.60574
0DBE,1.60435
0DBF,1.60295
0DC0,1.60156
0DC1,1.60017
0DC2,1.59878
0DC3,1.59739
0DC4,1.59600
0DC5,1.59460
0DC6,1.59321
0DC7,1.59182
0DC8,1.59043
0DC9,1.58904
0DCA,1.58765
0DCB,1.58625
0DCC,1.58486
0DCD,1.58347
0DCE,1.58208
0DCF,1.58069
0DD0,1.57930
0DD1,1.57791
0DD2,1.57651
0DD3,1.57512
0DD4,1.57373
0DD5,1.57234
0DD6,1.57095
0DD7,1.56956
0DD8,1.56816
0DD9,1.56677
0DDA,1.56538
0DDB,1.56399
0DDC,1.56260
0DDD,1.56121
0DDE,1.55981
0DDF,1.55842
0DE0,1.55703
0DE1,1.55564
0DE2,1.55425
0DE3,1.55286
0DE4,1.55146
0DE5,1.55007
0DE6,1.54868
0DE7,1.54729
0DE8,1.54590
0DE9,1.54451
0DEA,1.54312
0DEB,1.54172
0DEC,1.54033
0DED,1.53894
0DEE,1.53755
0DEF,1.53616
0DF0,1.53477
0DF1,1.53337
0DF2,1.53198
0DF3,1.53059
0DF4,1.52920
0DF5,1.52781
0DF6,1.52642
0DF7,1.52502
0DF8,1.52363
0DF9,1.52224
0DFA,1.52085
0DFB,1.51946
0DFC,1.51807
0DFD,1.51667
0DFE,1.51528
0DFF,1.51389
0E00,1.51250
0E01,1.51111
0E02,1.50972
0E03,1.50833
0E04,1.50693
0E05,1.50554
0E06,1.50415
0E07,1.50276
0E08,1.50137
0E09,1.49998
0E0A,1.49858
0E0B,1.49719
0E0C,1.49580
0E0D,1.49441
0E0E,1.49302
0E0F,1.49163
0E10,1.49023
0E11,1.48884
0E12,1.48745
0E13,1.48606
0E14,1.48467
0E15,1.48328
0E16,1.48188
0E17,1.48049
0E18,1.47910
0E19,1.47771
0E1A,1.47632
0E1B,1.47493
0E1C,1.47354
0E1D,1.47214
0E1E,1.47075
0E1F,1.46936
0E20,1.46797
0E21,1.46658
0E22,1.46519
0E23,1.46379
0E24,1.46240
0E25,1.46101
0E26,1.45962
0E27,1.45823
0E28,1.45684
0E29,1.45544
0E2A,1.45405
0E2B,1.45266
0E2C,1.45127
0E2D,1.44988
0E2E,1.44849
0E2F,1.44709
0E30,1.44570
0E31,1.44431
0E32,1.44292
0E33,1.44153
0E34,1.44014
0E35,1.43875
0E36,1.43735
0E37,1.43596
0E38,1.43457
0E39,1.43318
0E3A,1.43179
0E3B,1.43040
0E3C,1.42900
0E3D,1.42761
0E3E,1.42622
0E3F,1.42483
0E40,1.42344
0E41,1.42205
0E42,1.42065
0E43,1.41926
0E44,1.41787
0E45,1.41648
0E46,1.41509
0E47,1.41370
0E48,1.41230
0E49,1.41091
0E4A,1.40952
0E4B,1.40813
0E4C,1.40674
0E4D,1.40535
0E4E,1.40396
0E4F,1.40256
0E50,1.40117
0E51,1.39978
0E52,1.39839
0E53,1.39700
0E54,1.39561
0E55,1.39421
0E56,1.39282
0E57,1.39143
0E58,1.39004
0E59,1.38865
0E5A,1.38726
0E5B,1.38586
0E5C,1.38447
0E5D,1.38308
0E5E,1.38169
0E5F,1.38030
0E60,1.37891
0E61,1.37751
0E62,1.37612
0E63,1.37473
0E64,1.37334
0E65,1.37195
0E66,1.37056
0E67,1.36917
0E68,1.36777
0E69,1.36638
0E6A,1.36499
0E6B,1.36360
0E6C,1.36221
0E6D,1.36082
0E6E,1.35942
0E6F,1.35803
0E70,1.35664
0E71,1.35525
0E72,1.35386
0E73,1.35247
0E74,1.35107
0E75,1.34968
0E76,1.34829
0E77,1.34690
0E78,1.34551
0E79,1.34412
0E7A,1.34272
0E7B,1.34133
0E7C,1.33994
0E7D,1.33855
0E7E,1.33716
0E7F,1.33577
0E80,1.33438
0E81,1.33298
0E82,1.33159
0E83,1.33020
0E84,1.32881
0E85,1.32742
0E86,1.32603
0E87,1.32463
0E88,1.32324
0E89,1.32185
0E8A,1.32046
0E8B,1.31907
0E8C,1.31768
0E8D,1.31628
0E8E,1.31489
0E8F,1.31350
0E90,1.31211
0E91,1.31072
0E92,1.30933
0E93,1.30793
0E94,1.30654
0E95,1.30515
0E96,1.30376
0E97,1.30237
0E98,1.30098
0E99,1.29958
0E9A,1.29819
0E9B,1.29680
0E9C,1.29541
0E9D,1.29402
0E9E,1.29263
0E9F,1.29124
0EA0,1.28984
0EA1,1.28845
0EA2,1.28706
0EA3,1.28567
0EA4,1.28428
0EA5,1.28289
0EA6,1.28149
0EA7,1.28010
0EA8,1.27871
0EA9,1.27732
0EAA,1.27593
0EAB,1.27454
0EAC,1.27314
0EAD,1.27175
0EAE,1.27036
0EAF,1.26897
0EB0,1.26758
0EB1,1.26619
0EB2,1.26479
0EB3,1.26340
0EB4,1.26201
0EB5,1.26062
0EB6,1.25923
0EB7,1.25784
0EB8,1.25645
0EB9,1.25505
0EBA,1.25366
0EBB,1.25227
0EBC,1.25088
0EBD,1.24949
0EBE,1.24810
0EBF,1.24670
0EC0,1.24531
0EC1,1.24392
0EC2,1.24253
0EC3,1.24114
0EC4,1.23975
0EC5,1.23835
0EC6,1.23696
0EC7,1.23557
0EC8,1.23418
0EC9,1.23279
0ECA,1.23140
0ECB,1.23000
0ECC,1.22861
0ECD,1.22722
0ECE,1.22583
0ECF,1.22444
0ED0,1.22305
0ED1,1.22166
0ED2,1.22026
0ED3,1.21887
0ED4,1.21748
0ED5,1.21609
0ED6,1.21470
0ED7,1.21331
0ED8,1.21191
0ED9,1.21052
0EDA,1.20913
0EDB,1.20774
0EDC,1.20635
0EDD,1.20496
0EDE,1.20356
0EDF,1.20217
0EE0,1.20078
0EE1,1.19939
0EE2,1.19800
0EE3,1.19661
0EE4,1.19521
0EE5,1.19382
0EE6,1.19243
0EE7,1.19104
0EE8,1.18965
0EE9,1.18826
0EEA,1.18687
0EEB,1.18547
0EEC,1.18408
0EED,1.18269
0EEE,1.18130
0EEF,1.17991
0EF0,1.17852
0EF1,1.17712
0EF2,1.17573
0EF3,1.17434
0EF4,1.17295
0EF5,1.17156
0EF6,1.17017
0EF7,1.16877
0EF8,1.16738
0EF9,1.16599
0EFA,1.16460
0EFB,1.16321
0EFC,1.16182
0EFD,1.16042
0EFE,1.15903
0EFF,1.15764
0F00,1.15625
0F01,1.15486
0F02,1.15347
0F03,1.15208
0F04,1.15068
0F05,1.14929
0F06,1.14790
0F07,1.14651
0F08,1.14512
0F09,1.14373
0F0A,1.14233
0F0B,1.14094
0F0C,1.13955
0F0D,1.13816
0F0E,1.13677
0F0F,1.13538
0F10,1.13398
0F11,1.13259
0F12,1.13120
0F13,1.12981
0F14,1.12842
0F15,1.12703
0F16,1.12563
0F17,1.12424
0F18,1.12285
0F19,1.12146
0F1A,1.12007
0F1B,1.11868
0F1C,1.11729
0F1D,1.11589
0F1E,1.11450
0F1F,1.11311
0F20,1.11172
0F21,1.11033
0F22,1.10894
0F23,1.10754
0F24,1.10615
0F25,1.10476
0F26,1.10337
0F27,1.10198
0F28,1.10059
0F29,1.09919
0F2A,1.09780
0F2B,1.09641
0F2C,1.09502
0F2D,1.09363
0F2E,1.09224
0F2F,1.09084
0F30,1.08945
0F31,1.08806
0F32,1.08667
0F33,1.08528
0F34,1.08389
0F35,1.08250
0F36,1.08110
0F37,1.07971
0F38,1.07832
0F39,1.07693
0F3A,1.07554
0F3B,1.07415
0F3C,1.07275
0F3D,1.07136
0F3E,1.06997
0F3F,1.06858
0F40,1.06719
0F41,1.06580
0F42,1.06440
0F43,1.06301
0F44,1.06162
0F45,1.06023
0F46,1.05884
0F47,1.05745
0F48,1.05605
0F49,1.05466
0F4A,1.05327
0F4B,1.05188
0F4C,1.05049
0F4D,1.04910
0F4E,1.04771
0F4F,1.04631
0F50,1.04492
0F51,1.04353
0F52,1.04214
0F53,1.04075
0F54,1.03936
0F55,1.03796
0F56,1.03657
0F57,1.03518
0F58,1.03379
0F59,1.03240
0F5A,1.03101
0F5B,1.02961
0F5C,1.02822
0F5D,1.02683
0F5E,1.02544
0F5F,1.02405
0F60,1.02266
0F61,1.02126
0F62,1.01987
0F63,1.01848
0F64,1.01709
0F65,1.01570
0F66,1.01431
0F67,1.01292
0F68,1.01152
0F69,1.01013
0F6A,1.00874
0F6B,1.00735
0F6C,1.00596
0F6D,1.00457
0F6E,1.00317
0F6F,1.00178
0F70,1.00039
0F71,0.99900
0F72,0.99761
0F73,0.99622
0F74,0.99482
0F75,0.99343
0F76,0.99204
0F77,0.99065
0F78,0.98926
0F79,0.98787
0F7A,0.98647
0F7B,0.98508
0F7C,0.98369
0F7D,0.98230
0F7E,0.98091
0F7F,0.97952
0F80,0.97813
0F81,0.97673
0F82,0.97534
0F83,0.97395
0F84,0.97256
0F85,0.97117
0F86,0.96978
0F87,0.96838
0F88,0.96699
0F89,0.96560
0F8A,0.96421
0F8B,0.96282
0F8C,0.96143
0F8D,0.96003
0F8E,0.95864
0F8F,0.95725
0F90,0.95586
0F91,0.95447
0F92,0.95308
0F93,0.95168
0F94,0.95029
0F95,0.94890
0F96,0.94751
0F97,0.94612
0F98,0.94473
0F99,0.94333
0F9A,0.94194
0F9B,0.94055
0F9C,0.93916
0F9D,0.93777
0F9E,0.93638
0F9F,0.93499
0FA0,0.93359
0FA1,0.93220
0FA2,0.93081
0FA3,0.92942
0FA4,0.92803
0FA5,0.92664
0FA6,0.92524
0FA7,0.92385
0FA8,0.92246
0FA9,0.92107
0FAA,0.91968
0FAB,0.91829
0FAC,0.91689
0FAD,0.91550
0FAE,0.91411
0FAF,0.91272
0FB0,0.91133
0FB1,0.90994
0FB2,0.90854
0FB3,0.90715
0FB4,0.90576
0FB5,0.90437
0FB6,0.90298
0FB7,0.90159
0FB8,0.90020
0FB9,0.89880
0FBA,0.89741
0FBB,0.89602
0FBC,0.89463
0FBD,0.89324
0FBE,0.89185
0FBF,0.89045
0FC0,0.88906
0FC1,0.88767
0FC2,0.88628
0FC3,0.88489
0FC4,0.88350
0FC5,0.88210
0FC6,0.88071
0FC7,0.87932
0FC8,0.87793
0FC9,0.87654
0FCA,0.87515
0FCB,0.87375
0FCC,0.87236
0FCD,0.87097
0FCE,0.86958
0FCF,0.86819
0FD0,0.86680
0FD1,0.86541
0FD2,0.86401
0FD3,0.86262
0FD4,0.86123
0FD5,0.85984
0FD6,0.85845
0FD7,0.85706
0FD8,0.85566
0FD9,0.85427
0FDA,0.85288
0FDB,0.85149
0FDC,0.85010
0FDD,0.84871
0FDE,0.84731
0FDF,0.84592
0FE0,0.84453
0FE1,0.84314
0FE2,0.84175
0FE3,0.84036
0FE4,0.83896
0FE5,0.83757
0FE6,0.83618
0FE7,0.83479
0FE8,0.83340
0FE9,0.83201
0FEA,0.83062
0FEB,0.82922
0FEC,0.82783
0FED,0.82644
0FEE,0.82505
0FEF,0.82366
0FF0,0.82227
0FF1,0.82087
0FF2,0.81948
0FF3,0.81809
0FF4,0.81670
0FF5,0.81531
0FF6,0.81392
0FF7,0.81252
0FF8,0.81113
0FF9,0.80974
0FFA,0.80835
0FFB,0.80696
0FFC,0.80557
0FFD,0.80557
0FFE,0.80557
0FFF,0.80557

<PredictionLut>

1111	7
-12	-10.25	10
-10.25	-9.64	0
-9.64	-9.425	8
-9.425	-9.275	15
-9.275	-9.23	22
-9.23	-9.1	15
-9.1	-9.03	0
-9.03	-8.97	15
-8.97	-7	18

1111	9
-11	-9	8
-9	-8.7	0
-8.7	-8.46	8
-8.46	-8.25	11
-8.25	-8.15	4
-8.15	-8	10
-8	-7	15

1111	11
-9	-7.3	5
-7.3	-7.265	9
-7.265	-6.93	5
-6.93	-5	8

1111	15
-7	-3	3

692	7
-13	-11.25	10
-11.25	-10.8	5
-10.8	-10.66	17
-10.66	-10.5	6
-10.5	-10.48	20
-10.48	-10.38	14
-10.38	-10.24	0
-10.24	-10.14	16
-10.14	-10.03	17
-10.03	-8	13

692	9
-13	-10.01	8
-10.01	-9.89	15
-9.89	-9.75	6
-9.75	-9.5	15
-9.5	-9.4	10
-9.4	-8	18

692	11
-12	-9.46	5
-9.46	-8.94	9
-8.94	-8.745	12
-8.745	-8.72	18
-8.72	-8.705	5
-8.705	-7	10

692	15
-9	-7.36	3
-7.36	-5	5

692	19
-8	-4	2

692	23
-7	-3	2

476	15
-11	-9.6	6
-9.6	-9.5	0
-9.5	-9.135	8
-9.135	-8.705	15
-8.705	-7	10

476	19
-10	-8.15	5
-8.15	-7.875	10
-7.875	-7.81	5
-7.81	-7.75	10
-7.75	-7.67	5
-7.67	-7.5	10
-7.5	-7.45	15
-7.45	-6	10

476	23
-9	-5	5

476	31
-8	-4	3

476	39
-6	-2	3

476	47
-5	-1	1

<RegammaLut>

1111	7
0	0	0	0
8	17	17	17
10	22	22	22
15	32	32	32
18	42	42	42
22	52	52	52

1111	9
0	0	0	0
4	10	10	10
8	21	21	21
10	23	23	23
11	24	24	24
15	42	42	42

1111	11
5	20	20	20
8	24	24	24
9	30	30	30

1111	15
3	15	15	15

692	7
0	0	0	0
5	17	17	17
6	20	20	20
10	35	35	35
13	41	41	41
14	42	42	42
16	46	46	46
17	50	50	50
20	60	60	60

692	9
0	0	0	0
6	20	20	20
8	22	22	22
10	35	35	35
15	44	44	44
18	55	55	55

692	11
5	8	8	8
9	30	30	30
10	34	34	34
12	40	40	40
18	70	70	70

692	15
3	18	18	18
5	24	24	24

692	19
2	7	7	7

692	23
2	7	7	7

476	15
0	0	0	0
6	20	20	20
8	25	25	25
10	42	42	42
15	60	60	60

476	19
0	0	0	0
5	24	24	24
10	68	68	68
15	97	97	97

476	23
5	40	40	40

476	31
3	30	30	30

476	39
3	20	20	20

476	47
1	5	5	5